Loss: 0.9778129458427429
Accuracy: 0.48461538553237915
